单条供应商上传 
1.PC:  05
  ECR: 06
2.PC:  02 32 38 1c 33 34 03  --- 命令字为'28'
  ECR: 06
3.PC:  02 5A 1c 39 39 1c 34 03 ----下标为99
  ECR: 02 39 39 1C 31 32 33 34 35 36 37 39 30 38 37 35 34 32 32 71 77 65 33 65 34 65 34 72 35 74 35 35 74 36 1C 35 38 03 
4.PC:  06  
5.PC:  1A



单条供应商下载 

PC:  05
ECR: 06
PC:  02 31 32 38 1C 38 33 03--- 命令字为'128'
ECR: 06
PC:  02 5A 1C 39 38 1C 31 32 33 34 35 36 37 39 30 38 37 35 34 32 32 71 77 65 33 65 34 65 34 72 35 74 35 35 74 36 1C 31 37 03 
	----下标为98
ECR: 06
PC:  1A
